>DUMB42 tag1
0.00100 0.001 0.997 0.00100
0.00100 0.001 0.997 0.00100
0.00100 0.001 0.997 0.00100
0.00100 0.001 0.997 0.00100
0.00100 0.001 0.997 0.00100

>DUMB42 tag2
0.00100 0.001 0.997 0.00100
0.00100 0.001 0.997 0.00100
0.00100 0.001 0.997 0.00100
0.00100 0.001 0.997 0.00100
0.00100 0.001 0.997 0.00100

>DUMB42 tag3
0.00100 0.001 0.997 0.00100
0.00100 0.001 0.997 0.00100
0.00100 0.001 0.997 0.00100
0.00100 0.001 0.997 0.00100
0.00100 0.001 0.997 0.00100

>DUMB42 tag4
0.00100 0.001 0.997 0.00100